47.47404619 19.04732024
47.47407886 19.04733784
47.47412386 19.04724260
47.47415202 19.04706579
47.47414296 19.04688208
47.47411587 19.04677676
47.47412867 19.04667464
47.47414312 19.04658106
47.47413921 19.04650963
47.47415798 19.04641563
47.47417782 19.04627798
47.47419919 19.04615387
47.47420675 19.04601053
47.47423471 19.04590349
47.47425282 19.04579225
47.47427384 19.04567954
47.47430756 19.04557914
47.47434168 19.04544737
47.47435817 19.04532487
47.47439019 19.04524696
47.47441673 19.04514133
47.47444663 19.04505846
47.47447044 19.04493553
47.47450872 19.04481843
47.47452062 19.04471072
47.47455866 19.04457633
47.47459835 19.04443481
47.47464294 19.04426813
47.47467680 19.04414483
47.47469316 19.04403044
47.47472625 19.04389051
47.47475669 19.04376795
47.47478065 19.04361985
47.47481109 19.04350119
47.47484155 19.04334815
47.47486316 19.04321591
47.47488205 19.04307284
47.47493098 19.04290188
47.47495753 19.04278061
47.47498667 19.04264929
47.47504408 19.04253890
47.47506742 19.04241065
47.47507455 19.04225747
47.47509575 19.04214567
47.47511566 19.04204366
47.47513927 19.04194801
47.47513860 19.04186840
47.47516840 19.04174676
47.47519124 19.04162878
47.47521691 19.04151788
47.47522424 19.04137059
47.47524290 19.04126982
47.47526161 19.04120433
47.47532536 19.04114628
47.47533886 19.04106537
47.47536276 19.04093944
47.47539211 19.04089301
47.47539680 19.04080333
47.47540901 19.04073178
47.47544218 19.04065747
47.47547422 19.04061204
47.47550122 19.04054427
47.47551580 19.04046455
47.47552308 19.04040981
47.47552978 19.04034301
47.47553546 19.04031005
47.47555014 19.04026664
47.47555205 19.04021788
47.47556291 19.04018133
47.47556295 19.04012998
47.47556619 19.04009407
47.47557461 19.04006539
47.47557106 19.04004473
47.47558340 19.04004838
47.47558606 19.04005040
47.47558971 19.04004634
47.47559447 19.04003821
47.47559993 19.04003195
47.47560429 19.04002737
47.47560877 19.04001863
47.47561308 19.04001342
47.47561723 19.04000720
47.47562269 19.03999753
47.47563074 19.03998837
47.47564370 19.03997548
47.47565469 19.03996534
47.47567228 19.03996037
47.47567932 19.03995641
47.47568221 19.03995277
47.47568297 19.03995445
47.47568251 19.03995768
47.47568215 19.03996126
47.47568078 19.03996048
47.47568134 19.03995970
47.47567932 19.03995801
47.47567718 19.03995750
47.47567671 19.03995727
47.47567692 19.03995791
47.47567786 19.03995852
47.47567858 19.03995876
47.47567917 19.03995881
47.47567947 19.03995889
47.47567975 19.03995917
47.47568012 19.03995929
47.47568030 19.03995947
47.47568036 19.03995962
47.47568035 19.03995971
47.47568017 19.03996050
47.47567978 19.03996095
47.47567959 19.03996133
47.47567994 19.03996126
47.47568014 19.03996112
47.47568033 19.03996101
47.47568040 19.03996098
47.47568120 19.03996029
47.47568230 19.03995936
47.47568334 19.03995849
47.47568403 19.03995789
47.47568436 19.03995762
47.47568458 19.03995745
47.47568344 19.03992039
47.47570147 19.03977370
47.47572740 19.03966445
47.47573873 19.03959801
47.47575140 19.03949637
47.47578666 19.03939214
47.47580976 19.03926128
47.47583515 19.03912812
47.47585988 19.03902097
47.47589026 19.03890773
47.47592084 19.03881346
47.47596093 19.03871079
47.47599851 19.03859050
47.47602410 19.03845294
47.47605265 19.03833460
47.47607989 19.03821767
47.47610307 19.03809750
47.47610571 19.03798703
47.47612948 19.03783362
47.47616559 19.03771006
47.47618626 19.03761031
47.47620730 19.03748345
47.47622813 19.03734327
47.47626541 19.03720951
47.47631046 19.03708821
47.47632862 19.03697805
47.47635995 19.03686255
47.47638728 19.03675563
47.47639744 19.03668156
47.47641627 19.03658522
47.47644102 19.03648529
47.47645704 19.03639775
47.47649156 19.03630712
47.47654609 19.03621226
47.47657588 19.03612467
47.47659529 19.03607346
47.47658760 19.03601996
47.47659863 19.03595311
47.47660549 19.03590109
47.47662347 19.03589099
47.47664657 19.03586767
47.47665860 19.03583699
47.47663591 19.03582240
47.47663185 19.03578832
47.47663014 19.03577412
47.47664349 19.03574296
47.47664827 19.03570041
47.47664328 19.03566348
47.47664721 19.03562612
47.47665063 19.03558559
47.47664736 19.03555850
47.47665047 19.03551814
47.47665060 19.03545912
47.47665311 19.03539684
47.47665445 19.03532358
47.47664108 19.03515196
47.47665652 19.03504604
47.47666663 19.03489997
47.47663549 19.03478347
47.47661160 19.03463791
47.47661468 19.03449779
47.47658563 19.03438129
47.47655878 19.03425069
47.47651992 19.03412121
47.47648952 19.03394560
47.47645412 19.03379341
47.47642703 19.03366751
47.47629152 19.03344096
47.47625308 19.03328654
47.47617067 19.03310086
47.47612836 19.03297034
47.47609558 19.03283224
47.47602747 19.03272218
47.47597333 19.03260306
47.47594821 19.03246311
47.47591977 19.03233991
47.47588570 19.03220962
47.47583753 19.03208449
47.47578836 19.03193487
47.47574161 19.03179662
47.47568787 19.03162574
47.47566776 19.03151730
47.47564315 19.03139975
47.47556366 19.03123236
47.47550725 19.03110668
47.47555325 19.03101991
47.47559853 19.03090018
47.47560301 19.03082323
47.47562151 19.03075158
47.47560602 19.03070453
47.47560417 19.03064981
47.47559348 19.03058156
47.47559960 19.03053055
47.47559256 19.03049266
47.47559786 19.03047548
47.47560973 19.03048506
47.47562355 19.03048540
47.47563210 19.03048997
47.47563188 19.03049511
47.47563064 19.03049400
47.47563058 19.03049158
47.47563125 19.03049213
47.47564046 19.03049269
47.47564810 19.03048408
47.47565200 19.03048021
47.47565180 19.03048246
47.47565709 19.03047754
47.47566071 19.03047270
47.47566018 19.03047294
47.47566321 19.03047164
47.47566638 19.03047025
47.47566409 19.03044346
47.47565130 19.03038715
47.47563613 19.03026979
47.47562617 19.03021111
47.47559397 19.03011308
47.47557589 19.02998385
47.47555386 19.02985235
47.47551606 19.02974265
47.47546908 19.02960301
47.47545849 19.02945477
47.47543704 19.02930566
47.47541345 19.02915461
47.47537808 19.02903779
47.47535297 19.02888448
47.47531843 19.02875566
47.47530287 19.02858981
47.47525603 19.02844126
47.47523168 19.02829610
47.47520872 19.02816833
47.47517340 19.02803728
47.47514791 19.02787854
47.47510926 19.02772988
47.47507674 19.02758940
47.47504247 19.02744406
47.47504438 19.02728181
47.47503488 19.02712839
47.47500591 19.02699960
47.47497146 19.02687235
47.47494899 19.02674508
47.47493002 19.02661973
47.47494236 19.02648524
47.47489614 19.02633667
47.47487163 19.02620034
47.47484290 19.02606931
47.47480240 19.02592194
47.47477696 19.02579951
47.47474839 19.02569166
47.47471258 19.02556409
47.47468695 19.02548144
47.47467395 19.02537926
47.47465071 19.02527658
47.47460628 19.02519857
47.47458763 19.02511228
47.47458090 19.02503080
47.47457412 19.02497122
47.47455980 19.02488869
47.47454949 19.02486328
47.47455249 19.02483507
47.47454941 19.02483649
47.47454981 19.02483343
47.47454281 19.02483992
47.47453501 19.02483379
47.47452544 19.02482426
47.47450484 19.02483247
47.47449764 19.02482966
47.47449023 19.02482135
47.47448911 19.02481391
47.47448390 19.02481038
47.47447747 19.02481738
47.47447396 19.02482474
47.47446958 19.02482417
47.47446496 19.02480188
47.47445573 19.02475814
47.47444416 19.02470767
47.47443143 19.02466278
47.47441826 19.02461914
47.47440422 19.02455459
47.47436882 19.02442826
47.47435179 19.02430341
47.47433208 19.02421135
47.47434612 19.02411491
47.47433595 19.02408409
47.47431679 19.02395169
47.47433272 19.02386376
47.47437161 19.02376541
47.47440603 19.02364587
47.47443610 19.02352529
47.47446086 19.02342633
47.47451056 19.02331160
47.47454178 19.02320636
47.47453910 19.02312922
47.47452987 19.02302651
47.47448151 19.02293279
47.47445223 19.02280891
47.47438549 19.02271601
47.47431882 19.02265114
47.47424419 19.02261362
47.47417564 19.02259964
47.47412556 19.02255306
47.47403009 19.02251972
47.47396462 19.02245274
47.47382536 19.02240645
47.47374603 19.02235126
47.47367316 19.02226001
47.47358482 19.02219631
47.47348265 19.02213269
47.47336816 19.02207421
47.47327124 19.02201601
47.47315722 19.02193119
47.47305277 19.02188679
47.47295073 19.02182174
47.47286013 19.02174426
47.47276234 19.02165672
47.47265716 19.02160011
47.47254768 19.02151608
47.47244749 19.02144537
47.47233935 19.02138433
47.47224941 19.02129903
47.47215385 19.02118355
47.47204293 19.02108178
47.47193836 19.02096001
47.47186118 19.02085433
47.47176400 19.02074442
47.47168789 19.02064277
47.47161437 19.02056052
47.47153036 19.02046725
47.47143211 19.02038872
47.47134301 19.02029796
47.47125729 19.02020974
47.47117458 19.02013889
47.47112790 19.02009569
47.47106006 19.02005291
47.47100067 19.01998352
47.47095483 19.01996570
47.47090660 19.01990067
47.47087579 19.01989703
47.47081701 19.01987054
47.47079141 19.01983196
47.47073170 19.01982139
47.47069991 19.01981951
47.47069997 19.01980808
47.47069221 19.01979158
47.47068128 19.01980137
47.47067156 19.01980998
47.47068999 19.01980711
47.47071260 19.01979960
47.47072424 19.01979386
47.47075949 19.01979009
47.47076970 19.01979667
47.47078618 19.01978946
47.47079914 19.01978281
47.47081551 19.01979024
47.47083556 19.01979881
47.47084941 19.01980826
47.47086590 19.01980963
47.47088431 19.01980775
47.47089827 19.01980515
47.47090835 19.01981117
47.47091986 19.01981877
47.47093402 19.01982243
47.47094742 19.01982593
47.47096310 19.01981968
47.47097522 19.01981356
47.47098494 19.01980365
47.47099788 19.01979413
47.47100863 19.01978975
47.47101818 19.01979042
47.47103104 19.01979130
47.47104316 19.01979237
47.47105470 19.01979828
47.47106776 19.01980598
47.47107632 19.01981942
47.47108641 19.01983172
47.47110078 19.01983665
47.47111352 19.01983876
47.47111803 19.01984715
47.47112654 19.01984984
47.47113648 19.01985210
47.47114651 19.01985091
47.47115548 19.01985376
47.47116372 19.01985110
47.47117250 19.01984718
47.47118348 19.01983893
47.47118876 19.01983009
47.47118516 19.01982411
47.47117973 19.01981324
47.47117514 19.01980687
47.47117397 19.01980805
47.47118067 19.01981001
47.47119453 19.01980334
47.47120785 19.01977876
47.47121983 19.01975265
47.47122665 19.01972861
47.47123437 19.01970600
47.47124122 19.01968578
47.47124614 19.01966638
47.47125417 19.01964879
47.47125952 19.01963599
47.47126544 19.01962190
47.47127276 19.01960513
47.47128160 19.01959028
47.47129099 19.01957924
47.47129482 19.01957431
47.47129844 19.01956305
47.47130473 19.01955071
47.47130762 19.01954027
47.47131235 19.01953056
47.47131790 19.01952152
47.47132557 19.01951771
47.47132991 19.01951713
47.47134043 19.01950370
47.47135132 19.01947698
47.47136347 19.01945708
47.47137200 19.01944771
47.47137517 19.01944316
47.47138249 19.01943822
47.47138943 19.01943459
47.47139342 19.01943266
47.47139028 19.01943079
47.47138401 19.01943335
47.47137550 19.01944158
47.47137002 19.01945278
47.47136131 19.01946363
47.47135081 19.01947013
47.47134018 19.01947050
47.47133427 19.01946667
47.47133104 19.01946047
47.47132601 19.01945420
47.47131942 19.01944299
47.47131583 19.01941647
47.47131541 19.01939950
47.47131938 19.01938032
47.47132116 19.01935399
47.47132533 19.01933339
47.47132953 19.01931559
47.47133064 19.01929342
47.47133253 19.01927712
47.47132849 19.01926798
47.47132337 19.01926233
47.47131650 19.01925103
47.47131321 19.01923459
47.47130816 19.01922163
47.47130445 19.01920588
47.47129670 19.01918267
47.47129600 19.01916388
47.47130622 19.01913874
47.47131411 19.01912223
47.47132080 19.01911516
47.47132802 19.01910981
47.47134072 19.01911020
47.47135768 19.01911220
47.47135480 19.01911155
47.47134898 19.01911079
47.47134444 19.01911025
47.47148525 19.01874717
47.47148395 19.01873297
47.47148316 19.01871466
47.47148188 19.01868673
47.47148247 19.01866537
47.47148138 19.01864624
47.47147679 19.01862654
47.47146661 19.01860933
47.47145166 19.01859592
47.47143920 19.01858584
47.47143175 19.01857577
47.47142118 19.01854786
47.47141469 19.01853177
47.47141160 19.01852254
47.47140811 19.01851649
47.47140611 19.01851071
47.47140498 19.01850766
47.47140432 19.01850513
47.47140528 19.01850267
47.47140635 19.01850257
47.47141024 19.01850078
47.47141308 19.01849898
47.47141397 19.01849786
47.47141441 19.01849731
47.47141463 19.01849703
47.47141475 19.01849689
47.47141480 19.01849682
47.47141483 19.01849679
47.47146488 19.01832531
47.47148514 19.01824006
47.47149960 19.01822771
47.47151563 19.01821658
47.47152720 19.01820672
47.47153735 19.01819524
47.47153975 19.01818728
47.47154488 19.01817653
47.47155363 19.01816422
47.47155886 19.01816062
47.47156874 19.01815115
47.47156559 19.01816054
47.47154855 19.01819334
47.47153652 19.01822590
47.47152197 19.01825234
47.47151183 19.01827004
47.47150253 19.01827938
47.47148575 19.01828876
47.47134236 19.01850145
47.47133755 19.01851381
47.47135300 19.01849955
47.47135063 19.01849828
47.47136639 19.01847676
47.47137503 19.01846194
47.47137864 19.01845817
47.47138323 19.01845262
47.47138619 19.01844513
47.47137985 19.01845145
47.47136958 19.01846593
47.47137248 19.01846615
47.47136721 19.01848523
47.47135173 19.01851360
47.47134290 19.01852612
47.47134371 19.01852767
47.47134444 19.01852792
47.47134249 19.01853348
47.47134156 19.01853584
47.47134506 19.01852992
47.47134692 19.01852452
47.47134657 19.01852174
47.47134637 19.01852065
47.47134666 19.01851899
47.47134764 19.01851693
47.47134974 19.01851266
47.47135143 19.01850934
47.47135355 19.01850514
47.47135679 19.01849875
47.47135801 19.01849688
47.47135869 19.01849585
47.47135902 19.01849533
47.47135929 19.01849507
47.47135932 19.01849464
47.47135948 19.01849457
47.47137430 19.01847329
47.47138439 19.01845829
47.47138912 19.01845119
47.47139191 19.01844658
47.47139340 19.01844412
47.47139415 19.01844289
47.47139446 19.01844233
47.47139459 19.01844214
47.47139459 19.01844184
47.47139453 19.01844176
47.47139449 19.01844170
47.47139448 19.01844165
47.47139447 19.01844163
47.47139447 19.01844159
47.47139447 19.01844158
47.47139406 19.01844145
47.47139390 19.01844131
47.47139382 19.01844123
47.47139378 19.01844120
47.47139376 19.01844120
47.47139374 19.01844121
47.47139373 19.01844122
47.47139371 19.01844124
47.47139370 19.01844127
47.47139368 19.01844129
47.47139370 19.01844125
47.47139370 19.01844125
47.47139366 19.01844128
47.47139377 19.01844103
47.47139388 19.01844083
47.47139394 19.01844071
47.47139289 19.01844048
47.47139242 19.01844028
47.47139218 19.01844018
47.47139206 19.01844013
47.47139199 19.01844010
47.47139196 19.01844009
47.47139195 19.01844007
47.47139194 19.01844006
47.47139194 19.01844005
47.47139194 19.01844005
47.47139193 19.01844005
47.47139193 19.01844005
47.47139195 19.01844003
47.47139196 19.01844003
47.47139196 19.01844003
47.47139196 19.01844003
47.47139196 19.01844003
47.47139198 19.01844002
47.47139199 19.01844001
47.47139224 19.01843979
47.47139237 19.01843965
47.47139165 19.01843955
47.47139130 19.01843947
47.47139114 19.01843944
47.47139107 19.01843940
47.47139103 19.01843937
47.47139161 19.01843937
47.47139257 19.01843937
47.47139297 19.01843944
47.47139317 19.01843946
47.47139327 19.01843945
47.47139332 19.01843944
47.47139335 19.01843945
47.47139333 19.01843942
47.47139333 19.01843942
47.47139345 19.01843944
47.47139351 19.01843945
47.47139354 19.01843945
47.47139355 19.01843946
47.47139354 19.01843944
47.47139356 19.01843935
47.47139359 19.01843925
47.47139363 19.01843910
47.47139353 19.01843903
47.47139664 19.01843383
47.47139795 19.01843156
47.47139971 19.01842870
47.47140085 19.01842685
47.47140165 19.01842550
47.47140216 19.01842454
47.47140245 19.01842392
47.47140458 19.01841944
47.47140676 19.01841471
47.47140808 19.01841200
47.47140903 19.01841000
47.47141151 19.01840459
47.47141312 19.01840122
47.47141394 19.01839955
47.47141444 19.01839849
47.47141446 19.01839824
47.47141431 19.01839847
47.47141414 19.01839873
47.47141407 19.01839872
47.47141412 19.01839859
47.47141425 19.01839842
47.47141446 19.01839816
47.47141450 19.01839800
47.47141466 19.01839759
47.47141477 19.01839724
47.47141500 19.01839670
47.47141518 19.01839622
47.47141513 19.01839618
47.47141540 19.01839572
47.47141577 19.01839516
47.47141632 19.01839424
47.47141672 19.01839339
47.47141696 19.01839282
47.47141714 19.01839241
47.47141739 19.01839193
47.47141774 19.01839126
47.47141787 19.01839093
47.47141801 19.01839065
47.47141825 19.01839023
47.47141838 19.01839002
47.47141851 19.01838988
47.47141885 19.01838936
47.47141900 19.01838908
47.47141908 19.01838896
47.47141914 19.01838887
47.47141916 19.01838884
47.47141919 19.01838880
47.47141920 19.01838879
